# list of all answers to double-check solutions on full puzzle inputs
# after refactoring and other changes
answers <- list(
  "1-1" = 1400,
  "1-2" = 1429,
  "2-1" = 1488669,
  "2-2" = 1176514794,
  "3-1" = 4103154,
  "3-2" = 4245351,
  "4-1" = 31424,
  "4-2" = 23042
)
